# Blender 3.6.5
# www.blender.org
mtllib ddn8.mtl
o Areas:building
v 3527.013428 -3114.292480 0.000000
v 3533.302979 -3105.145996 0.000000
v 3542.364258 -3111.364014 0.000000
v 3536.074707 -3120.510742 0.000000
v 3527.013428 -3114.292480 20.000000
v 3536.074707 -3120.510742 20.000000
v 3542.364258 -3111.364014 20.000000
v 3533.302979 -3105.145996 20.000000
vn -0.0000 -0.0000 1.0000
vn -0.5658 -0.8245 -0.0000
vn 0.8240 -0.5666 -0.0000
vn 0.5658 0.8245 -0.0000
vn -0.8240 0.5666 -0.0000
s 0
f 5//1 6//1 7//1 8//1
f 4//2 6//2 5//2 1//2
f 3//3 7//3 6//3 4//3
f 2//4 8//4 7//4 3//4
f 1//5 5//5 8//5 2//5
o Areas:building.001
v 3442.521973 -4388.358887 0.000000
v 3440.373291 -4385.985352 0.000000
v 3442.354980 -4391.570801 0.000000
v 3442.521973 -4388.358887 20.000000
v 3440.373291 -4385.985352 20.000000
v 3442.354980 -4391.570801 20.000000
v 3439.972656 -4393.712402 20.000000
v 3436.777832 -4393.544434 20.000000
v 3439.972656 -4393.712402 0.000000
v 3436.777832 -4393.544434 0.000000
v 3434.629395 -4391.170898 0.000000
v 3434.796387 -4387.972168 0.000000
v 3434.629395 -4391.170898 20.000000
v 3434.796387 -4387.972168 20.000000
v 3437.167480 -4385.817871 20.000000
v 3437.167480 -4385.817871 0.000000
vn 0.7414 0.6711 -0.0000
vn 0.9987 -0.0519 -0.0000
vn -0.0000 -0.0000 1.0000
vn 0.6685 -0.7437 -0.0000
vn -0.0525 -0.9986 -0.0000
vn -0.7414 -0.6711 -0.0000
vn -0.9986 0.0522 -0.0000
vn -0.6725 0.7401 -0.0000
vn 0.0522 0.9986 -0.0000
s 0
f 10//6 13//6 12//6 9//6
f 9//7 12//7 14//7 11//7
f 12//8 13//8 23//8 22//8 21//8 16//8 15//8 14//8
f 11//9 14//9 15//9 17//9
f 17//10 15//10 16//10 18//10
f 18//11 16//11 21//11 19//11
f 19//12 21//12 22//12 20//12
f 20//13 22//13 23//13 24//13
f 24//14 23//14 13//14 10//14
o Areas:building.002
v -1637.498535 -5883.446777 0.000000
v -1633.635742 -5928.808594 0.000000
v -1623.294189 -5882.247070 0.000000
v -1637.498535 -5883.446777 20.000000
v -1633.635742 -5928.808594 20.000000
v -1623.294189 -5882.247070 20.000000
v -1619.431396 -5927.609375 20.000000
v -1619.431396 -5927.609375 0.000000
vn -0.9964 -0.0848 -0.0000
vn -0.0842 0.9965 -0.0000
vn -0.0000 -0.0000 1.0000
vn 0.9964 0.0848 -0.0000
vn 0.0841 -0.9965 -0.0000
s 0
f 26//15 29//15 28//15 25//15
f 25//16 28//16 30//16 27//16
f 28//17 29//17 31//17 30//17
f 27//18 30//18 31//18 32//18
f 32//19 31//19 29//19 26//19
o Areas:building.003
v -1651.947876 -5884.052734 0.000000
v -1648.018311 -5930.227539 0.000000
v -1640.014404 -5883.034180 0.000000
v -1651.947876 -5884.052734 20.000000
v -1648.018311 -5930.227539 20.000000
v -1640.014404 -5883.034180 20.000000
v -1636.084839 -5929.208496 20.000000
v -1636.084839 -5929.208496 0.000000
vn -0.9964 -0.0848 -0.0000
vn -0.0850 0.9964 -0.0000
vn -0.0000 -0.0000 1.0000
vn 0.9964 0.0848 -0.0000
vn 0.0851 -0.9964 -0.0000
s 0
f 34//20 37//20 36//20 33//20
f 33//21 36//21 38//21 35//21
f 36//22 37//22 39//22 38//22
f 35//23 38//23 39//23 40//23
f 40//24 39//24 37//24 34//24
o Areas:building.004
v -1672.419556 -5884.452637 0.000000
v -1668.400879 -5931.620605 0.000000
v -1654.385742 -5882.917969 0.000000
v -1672.419556 -5884.452637 20.000000
v -1668.400879 -5931.620605 20.000000
v -1654.385742 -5882.917969 20.000000
v -1650.367065 -5930.085449 20.000000
v -1650.367065 -5930.085449 0.000000
vn -0.9964 -0.0849 -0.0000
vn -0.0848 0.9964 -0.0000
vn -0.0000 -0.0000 1.0000
vn 0.9964 0.0849 -0.0000
vn 0.0848 -0.9964 -0.0000
s 0
f 42//25 45//25 44//25 41//25
f 41//26 44//26 46//26 43//26
f 44//27 45//27 47//27 46//27
f 43//28 46//28 47//28 48//28
f 48//29 47//29 45//29 42//29
o Areas:building.005
v -5942.457031 -5398.088379 0.000000
v -5943.714844 -5450.481445 0.000000
v -5926.583008 -5398.475098 0.000000
v -5942.457031 -5398.088379 20.000000
v -5943.714844 -5450.481445 20.000000
v -5926.583008 -5398.475098 20.000000
v -5922.096680 -5398.578613 20.000000
v -5923.354492 -5450.958984 20.000000
v -5922.096680 -5398.578613 0.000000
v -5923.354492 -5450.958984 0.000000
v -5928.208008 -5450.842773 0.000000
v -5928.208008 -5450.842773 20.000000
vn -0.9997 0.0240 -0.0000
vn 0.0244 0.9997 -0.0000
vn -0.0000 -0.0000 1.0000
vn 0.0231 0.9997 -0.0000
vn 0.9997 -0.0240 -0.0000
vn -0.0239 -0.9997 -0.0000
vn -0.0233 -0.9997 -0.0000
s 0
f 50//30 53//30 52//30 49//30
f 49//31 52//31 54//31 51//31
f 52//32 53//32 60//32 56//32 55//32 54//32
f 51//33 54//33 55//33 57//33
f 57//34 55//34 56//34 58//34
f 58//35 56//35 60//35 59//35
f 59//36 60//36 53//36 50//36
o Areas:building.006
v -6245.780273 -5462.876953 0.000000
v -6242.641113 -5505.505859 0.000000
v -6229.193848 -5461.664551 0.000000
v -6245.780273 -5462.876953 20.000000
v -6242.641113 -5505.505859 20.000000
v -6229.193848 -5461.664551 20.000000
v -6226.054688 -5504.280762 20.000000
v -6226.054688 -5504.280762 0.000000
vn -0.9973 -0.0734 -0.0000
vn -0.0729 0.9973 -0.0000
vn -0.0000 -0.0000 1.0000
vn 0.9973 0.0735 -0.0000
vn 0.0737 -0.9973 -0.0000
s 0
f 62//37 65//37 64//37 61//37
f 61//38 64//38 66//38 63//38
f 64//39 65//39 67//39 66//39
f 63//40 66//40 67//40 68//40
f 68//41 67//41 65//41 62//41
o Areas:building.007
v -6070.151855 -5450.365234 0.000000
v -6068.593262 -5477.155273 0.000000
v -6060.032715 -5449.771973 0.000000
v -6070.151855 -5450.365234 20.000000
v -6068.593262 -5477.155273 20.000000
v -6060.032715 -5449.771973 20.000000
v -6058.462891 -5476.562012 20.000000
v -6058.462891 -5476.562012 0.000000
vn -0.9983 -0.0581 -0.0000
vn -0.0585 0.9983 -0.0000
vn -0.0000 -0.0000 1.0000
vn 0.9983 0.0585 -0.0000
vn 0.0585 -0.9983 -0.0000
s 0
f 70//42 73//42 72//42 69//42
f 69//43 72//43 74//43 71//43
f 72//44 73//44 75//44 74//44
f 71//45 74//45 75//45 76//45
f 76//46 75//46 73//46 70//46
o Areas:building.008
v -6146.138184 -5487.989746 0.000000
v -6145.592773 -5494.955078 0.000000
v -6104.649414 -5484.713867 0.000000
v -6146.138184 -5487.989746 20.000000
v -6145.592773 -5494.955078 20.000000
v -6104.649414 -5484.713867 20.000000
v -6104.104004 -5491.678711 20.000000
v -6104.104004 -5491.678711 0.000000
vn -0.9969 -0.0781 -0.0000
vn -0.0787 0.9969 -0.0000
vn -0.0000 -0.0000 1.0000
vn 0.9969 0.0781 -0.0000
vn 0.0787 -0.9969 -0.0000
s 0
f 78//47 81//47 80//47 77//47
f 77//48 80//48 82//48 79//48
f 80//49 81//49 83//49 82//49
f 79//50 82//50 83//50 84//50
f 84//51 83//51 81//51 78//51
o Areas:building.009
v -6213.286133 -5503.532227 0.000000
v -6212.740723 -5510.097656 0.000000
v -6168.379883 -5499.830566 0.000000
v -6213.286133 -5503.532227 20.000000
v -6212.740723 -5510.097656 20.000000
v -6168.379883 -5499.830566 20.000000
v -6167.834473 -5506.382812 20.000000
v -6167.834473 -5506.382812 0.000000
vn -0.9966 -0.0828 -0.0000
vn -0.0822 0.9966 -0.0000
vn -0.0000 -0.0000 1.0000
vn 0.9966 0.0829 -0.0000
vn 0.0824 -0.9966 -0.0000
s 0
f 86//52 89//52 88//52 85//52
f 85//53 88//53 90//53 87//53
f 88//54 89//54 91//54 90//54
f 87//55 90//55 91//55 92//55
f 92//56 91//56 89//56 86//56
o Areas:building.010
v -6072.478027 -5433.623535 0.000000
v -6071.598633 -5441.362305 0.000000
v -6063.605957 -5432.604492 0.000000
v -6072.478027 -5433.623535 20.000000
v -6071.598633 -5441.362305 20.000000
v -6063.605957 -5432.604492 20.000000
v -6062.726562 -5440.356445 20.000000
v -6062.726562 -5440.356445 0.000000
vn -0.9936 -0.1129 -0.0000
vn -0.1141 0.9935 -0.0000
vn -0.0000 -0.0000 1.0000
vn 0.9936 0.1127 -0.0000
vn 0.1127 -0.9936 -0.0000
s 0
f 94//57 97//57 96//57 93//57
f 93//58 96//58 98//58 95//58
f 96//59 97//59 99//59 98//59
f 95//60 98//60 99//60 100//60
f 100//61 99//61 97//61 94//61
o Areas:building.011
v -5989.033203 -5391.858398 0.000000
v -5988.443359 -5399.932617 0.000000
v -5965.344238 -5390.142578 0.000000
v -5989.033203 -5391.858398 20.000000
v -5988.443359 -5399.932617 20.000000
v -5965.344238 -5390.142578 20.000000
v -5964.754395 -5398.217285 20.000000
v -5964.754395 -5398.217285 0.000000
vn -0.9973 -0.0729 -0.0000
vn -0.0722 0.9974 -0.0000
vn -0.0000 -0.0000 1.0000
vn 0.9973 0.0729 -0.0000
vn 0.0722 -0.9974 -0.0000
s 0
f 102//62 105//62 104//62 101//62
f 101//63 104//63 106//63 103//63
f 104//64 105//64 107//64 106//64
f 103//65 106//65 107//65 108//65
f 108//66 107//66 105//66 102//66
o Areas:building.012
v -5988.621094 -5373.516602 0.000000
v -5988.042480 -5381.229980 0.000000
v -5980.561523 -5372.910645 0.000000
v -5988.621094 -5373.516602 20.000000
v -5988.042480 -5381.229980 20.000000
v -5980.561523 -5372.910645 20.000000
v -5979.982910 -5380.623535 20.000000
v -5979.982910 -5380.623535 0.000000
vn -0.9972 -0.0748 -0.0000
vn -0.0750 0.9972 -0.0000
vn -0.0000 -0.0000 1.0000
vn 0.9972 0.0748 -0.0000
vn 0.0750 -0.9972 -0.0000
s 0
f 110//67 113//67 112//67 109//67
f 109//68 112//68 114//68 111//68
f 112//69 113//69 115//69 114//69
f 111//70 114//70 115//70 116//70
f 116//71 115//71 113//71 110//71
o Areas:building.013
v -5990.179688 -5428.399414 0.000000
v -5962.672852 -5426.696777 0.000000
v -5990.858887 -5417.629395 0.000000
v -5990.179688 -5428.399414 20.000000
v -5962.672852 -5426.696777 20.000000
v -5990.858887 -5417.629395 20.000000
v -5963.340820 -5415.926758 20.000000
v -5963.340820 -5415.926758 0.000000
vn 0.0618 -0.9981 -0.0000
vn -0.9980 -0.0629 -0.0000
vn -0.0000 -0.0000 1.0000
vn -0.0618 0.9981 -0.0000
vn 0.9981 0.0619 -0.0000
s 0
f 118//72 121//72 120//72 117//72
f 117//73 120//73 122//73 119//73
f 120//74 121//74 123//74 122//74
f 119//75 122//75 123//75 124//75
f 124//76 123//76 121//76 118//76
o Areas:building.014
v -6080.704590 -5382.197266 0.000000
v -6079.279785 -5413.411621 0.000000
v -6071.876953 -5381.797363 0.000000
v -6080.704590 -5382.197266 20.000000
v -6079.279785 -5413.411621 20.000000
v -6071.876953 -5381.797363 20.000000
v -6070.452148 -5413.011719 20.000000
v -6070.452148 -5413.011719 0.000000
vn -0.9990 -0.0456 -0.0000
vn -0.0453 0.9990 -0.0000
vn -0.0000 -0.0000 1.0000
vn 0.9990 0.0456 -0.0000
vn 0.0453 -0.9990 -0.0000
s 0
f 126//77 129//77 128//77 125//77
f 125//78 128//78 130//78 127//78
f 128//79 129//79 131//79 130//79
f 127//80 130//80 131//80 132//80
f 132//81 131//81 129//81 126//81
o Areas:building.015
v -5946.709473 -5476.587891 0.000000
v -5946.419922 -5497.263672 0.000000
v -5936.445801 -5476.445801 0.000000
v -5946.709473 -5476.587891 20.000000
v -5946.419922 -5497.263672 20.000000
v -5936.445801 -5476.445801 20.000000
v -5936.156250 -5497.122070 20.000000
v -5936.156250 -5497.122070 0.000000
vn -0.9999 -0.0140 -0.0000
vn -0.0138 0.9999 -0.0000
vn -0.0000 -0.0000 1.0000
vn 0.9999 0.0140 -0.0000
vn 0.0138 -0.9999 -0.0000
s 0
f 134//82 137//82 136//82 133//82
f 133//83 136//83 138//83 135//83
f 136//84 137//84 139//84 138//84
f 135//85 138//85 139//85 140//85
f 140//86 139//86 137//86 134//86
o Areas:building.016
v -6221.690918 -5395.018555 0.000000
v -6221.356934 -5412.973145 0.000000
v -6175.504395 -5394.166992 0.000000
v -6221.690918 -5395.018555 20.000000
v -6221.356934 -5412.973145 20.000000
v -6175.504395 -5394.166992 20.000000
v -6175.170410 -5412.121582 20.000000
v -6175.170410 -5412.121582 0.000000
vn -0.9998 -0.0186 -0.0000
vn -0.0184 0.9998 -0.0000
vn -0.0000 -0.0000 1.0000
vn 0.9998 0.0186 -0.0000
vn 0.0184 -0.9998 -0.0000
s 0
f 142//87 145//87 144//87 141//87
f 141//88 144//88 146//88 143//88
f 144//89 145//89 147//89 146//89
f 143//90 146//90 147//90 148//90
f 148//91 147//91 145//91 142//91
o Areas:building.017
v -6109.647949 -5385.473633 0.000000
v -6107.788574 -5414.262695 0.000000
v -6099.361816 -5384.815918 0.000000
v -6109.647949 -5385.473633 20.000000
v -6107.788574 -5414.262695 20.000000
v -6099.361816 -5384.815918 20.000000
v -6097.514160 -5413.604980 20.000000
v -6097.514160 -5413.604980 0.000000
vn -0.9979 -0.0645 -0.0000
vn -0.0638 0.9980 -0.0000
vn -0.0000 -0.0000 1.0000
vn 0.9979 0.0640 -0.0000
vn 0.0639 -0.9980 -0.0000
s 0
f 150//92 153//92 152//92 149//92
f 149//93 152//93 154//93 151//93
f 152//94 153//94 155//94 154//94
f 151//95 154//95 155//95 156//95
f 156//96 155//96 153//96 150//96
o Areas:building.018
v -6054.622559 -5467.326660 0.000000
v -6053.865723 -5474.420898 0.000000
v -6043.924805 -5466.178711 0.000000
v -6054.622559 -5467.326660 20.000000
v -6053.865723 -5474.420898 20.000000
v -6043.924805 -5466.178711 20.000000
v -6043.167969 -5473.285645 20.000000
v -6043.167969 -5473.285645 0.000000
vn -0.9944 -0.1061 -0.0000
vn -0.1067 0.9943 -0.0000
vn -0.0000 -0.0000 1.0000
vn 0.9944 0.1059 -0.0000
vn 0.1055 -0.9944 -0.0000
s 0
f 158//97 161//97 160//97 157//97
f 157//98 160//98 162//98 159//98
f 160//99 161//99 163//99 162//99
f 159//100 162//100 163//100 164//100
f 164//101 163//101 161//101 158//101
o Areas:building.019
v -6036.099121 -5401.841797 0.000000
v -6035.653809 -5412.457031 0.000000
v -6019.467773 -5401.132324 0.000000
v -6036.099121 -5401.841797 20.000000
v -6035.653809 -5412.457031 20.000000
v -6019.467773 -5401.132324 20.000000
v -6019.022461 -5411.747559 20.000000
v -6019.022461 -5411.747559 0.000000
vn -0.9991 -0.0419 -0.0000
vn -0.0426 0.9991 -0.0000
vn -0.0000 -0.0000 1.0000
vn 0.9991 0.0419 -0.0000
vn 0.0426 -0.9991 -0.0000
s 0
f 166//102 169//102 168//102 165//102
f 165//103 168//103 170//103 167//103
f 168//104 169//104 171//104 170//104
f 167//105 170//105 171//105 172//105
f 172//106 171//106 169//106 166//106
o Areas:building.020
v -6030.388184 -5487.848145 0.000000
v -6029.720215 -5497.044434 0.000000
v -6006.721680 -5486.145508 0.000000
v -6030.388184 -5487.848145 20.000000
v -6029.720215 -5497.044434 20.000000
v -6006.721680 -5486.145508 20.000000
v -6006.053711 -5495.329102 20.000000
v -6006.053711 -5495.329102 0.000000
vn -0.9974 -0.0724 -0.0000
vn -0.0718 0.9974 -0.0000
vn -0.0000 -0.0000 1.0000
vn 0.9974 0.0725 -0.0000
vn 0.0723 -0.9974 -0.0000
s 0
f 174//107 177//107 176//107 173//107
f 173//108 176//108 178//108 175//108
f 176//109 177//109 179//109 178//109
f 175//110 178//110 179//110 180//110
f 180//111 179//111 177//111 174//111
o Areas:building.021
v -6067.880859 -5488.131836 0.000000
v -6066.778809 -5497.702637 0.000000
v -6041.642578 -5485.139648 0.000000
v -6067.880859 -5488.131836 20.000000
v -6066.778809 -5497.702637 20.000000
v -6041.642578 -5485.139648 20.000000
v -6040.551758 -5494.709961 20.000000
v -6040.551758 -5494.709961 0.000000
vn -0.9934 -0.1144 -0.0000
vn -0.1133 0.9936 -0.0000
vn -0.0000 -0.0000 1.0000
vn 0.9936 0.1133 -0.0000
vn 0.1134 -0.9936 -0.0000
s 0
f 182//112 185//112 184//112 181//112
f 181//113 184//113 186//113 183//113
f 184//114 185//114 187//114 186//114
f 183//115 186//115 187//115 188//115
f 188//116 187//116 185//116 182//116
o Areas:building.022
v -6214.276855 -5493.549316 0.000000
v -6213.653809 -5500.578613 0.000000
v -6169.237305 -5489.563477 0.000000
v -6214.276855 -5493.549316 20.000000
v -6213.653809 -5500.578613 20.000000
v -6169.237305 -5489.563477 20.000000
v -6168.613770 -5496.580078 20.000000
v -6168.613770 -5496.580078 0.000000
vn -0.9961 -0.0883 -0.0000
vn -0.0882 0.9961 -0.0000
vn -0.0000 -0.0000 1.0000
vn 0.9961 0.0886 -0.0000
vn 0.0884 -0.9961 -0.0000
s 0
f 190//117 193//117 192//117 189//117
f 189//118 192//118 194//118 191//118
f 192//119 193//119 195//119 194//119
f 191//120 194//120 195//120 196//120
f 196//121 195//121 193//121 190//121
o Areas:building.023
v -6250.055176 -5405.001953 0.000000
v -6247.639648 -5447.347168 0.000000
v -6231.843262 -5403.957031 0.000000
v -6250.055176 -5405.001953 20.000000
v -6247.639648 -5447.347168 20.000000
v -6231.843262 -5403.957031 20.000000
v -6229.416504 -5446.302246 20.000000
v -6229.416504 -5446.302246 0.000000
vn -0.9984 -0.0569 -0.0000
vn -0.0573 0.9984 -0.0000
vn -0.0000 -0.0000 1.0000
vn 0.9984 0.0572 -0.0000
vn 0.0572 -0.9984 -0.0000
s 0
f 198//122 201//122 200//122 197//122
f 197//123 200//123 202//123 199//123
f 200//124 201//124 203//124 202//124
f 199//125 202//125 203//125 204//125
f 204//126 203//126 201//126 198//126
o Areas:building.024
v -6144.858398 -5498.541016 0.000000
v -6144.312500 -5506.267090 0.000000
v -6104.371094 -5495.690430 0.000000
v -6144.858398 -5498.541016 20.000000
v -6144.312500 -5506.267090 20.000000
v -6104.371094 -5495.690430 20.000000
v -6103.825684 -5503.416504 20.000000
v -6103.825684 -5503.416504 0.000000
vn -0.9975 -0.0705 -0.0000
vn -0.0702 0.9975 -0.0000
vn -0.0000 -0.0000 1.0000
vn 0.9975 0.0704 -0.0000
vn 0.0702 -0.9975 -0.0000
s 0
f 206//127 209//127 208//127 205//127
f 205//128 208//128 210//128 207//128
f 208//129 209//129 211//129 210//129
f 207//130 210//130 211//130 212//130
f 212//131 211//131 209//131 206//131
o Areas:building.025
v -5978.145996 -5373.104004 0.000000
v -5977.633789 -5380.830078 0.000000
v -5964.431641 -5372.201172 0.000000
v -5978.145996 -5373.104004 20.000000
v -5977.633789 -5380.830078 20.000000
v -5964.431641 -5372.201172 20.000000
v -5963.919434 -5379.927246 20.000000
v -5963.919434 -5379.927246 0.000000
vn -0.9978 -0.0662 -0.0000
vn -0.0657 0.9978 -0.0000
vn -0.0000 -0.0000 1.0000
vn 0.9978 0.0661 -0.0000
vn 0.0657 -0.9978 -0.0000
s 0
f 214//132 217//132 216//132 213//132
f 213//133 216//133 218//133 215//133
f 216//134 217//134 219//134 218//134
f 215//135 218//135 219//135 220//135
f 220//136 219//136 217//136 214//136
o Areas:building.026
v -5847.712891 -5375.361328 0.000000
v -5847.712891 -5407.014160 0.000000
v -5832.484375 -5375.361328 0.000000
v -5847.712891 -5375.361328 20.000000
v -5847.712891 -5407.014160 20.000000
v -5832.484375 -5375.361328 20.000000
v -5832.484375 -5407.014160 20.000000
v -5832.484375 -5407.014160 0.000000
vn -1.0000 -0.0000 -0.0000
vn -0.0000 1.0000 -0.0000
vn -0.0000 -0.0000 1.0000
vn 1.0000 -0.0000 -0.0000
vn -0.0000 -1.0000 -0.0000
s 0
f 222//137 225//137 224//137 221//137
f 221//138 224//138 226//138 223//138
f 224//139 225//139 227//139 226//139
f 223//140 226//140 227//140 228//140
f 228//141 227//141 225//141 222//141
o Areas:building.027
v -5987.919922 -5402.035156 0.000000
v -5987.240723 -5410.212891 0.000000
v -5964.932617 -5400.125977 0.000000
v -5987.919922 -5402.035156 20.000000
v -5987.240723 -5410.212891 20.000000
v -5964.932617 -5400.125977 20.000000
v -5964.253418 -5408.303711 20.000000
v -5964.253418 -5408.303711 0.000000
vn -0.9966 -0.0828 -0.0000
vn -0.0828 0.9966 -0.0000
vn -0.0000 -0.0000 1.0000
vn 0.9966 0.0828 -0.0000
vn 0.0828 -0.9966 -0.0000
s 0
f 230//142 233//142 232//142 229//142
f 229//143 232//143 234//143 231//143
f 232//144 233//144 235//144 234//144
f 231//145 234//145 235//145 236//145
f 236//146 235//146 233//146 230//146
o Areas:building.028
v -5997.025879 -5466.178711 0.000000
v -5995.311523 -5493.316895 0.000000
v -5972.224121 -5464.618164 0.000000
v -5997.025879 -5466.178711 20.000000
v -5995.311523 -5493.316895 20.000000
v -5972.224121 -5464.618164 20.000000
v -5970.509766 -5491.756348 20.000000
v -5970.509766 -5491.756348 0.000000
vn -0.9980 -0.0630 -0.0000
vn -0.0628 0.9980 -0.0000
vn -0.0000 -0.0000 1.0000
vn 0.9980 0.0630 -0.0000
vn 0.0628 -0.9980 -0.0000
s 0
f 238//147 241//147 240//147 237//147
f 237//148 240//148 242//148 239//148
f 240//149 241//149 243//149 242//149
f 239//150 242//150 243//150 244//150
f 244//151 243//151 241//151 238//151
o Areas:building.029
v -6033.238281 -5456.208496 0.000000
v -6030.811523 -5480.728027 0.000000
v -6024.655273 -5455.356934 0.000000
v -6033.238281 -5456.208496 20.000000
v -6030.811523 -5480.728027 20.000000
v -6024.655273 -5455.356934 20.000000
v -6022.228516 -5479.876953 20.000000
v -6022.228516 -5479.876953 0.000000
vn -0.9951 -0.0985 -0.0000
vn -0.0987 0.9951 -0.0000
vn -0.0000 -0.0000 1.0000
vn 0.9951 0.0985 -0.0000
vn 0.0987 -0.9951 -0.0000
s 0
f 246//152 249//152 248//152 245//152
f 245//153 248//153 250//153 247//153
f 248//154 249//154 251//154 250//154
f 247//155 250//155 251//155 252//155
f 252//156 251//156 249//156 246//156
o Areas:building.030
v -6131.733398 -5387.898438 0.000000
v -6129.317871 -5415.126953 0.000000
v -6121.792969 -5387.008301 0.000000
v -6131.733398 -5387.898438 20.000000
v -6129.317871 -5415.126953 20.000000
v -6121.792969 -5387.008301 20.000000
v -6119.366211 -5414.237305 20.000000
v -6119.366211 -5414.237305 0.000000
vn -0.9961 -0.0884 -0.0000
vn -0.0892 0.9960 -0.0000
vn -0.0000 -0.0000 1.0000
vn 0.9961 0.0888 -0.0000
vn 0.0890 -0.9960 -0.0000
s 0
f 254//157 257//157 256//157 253//157
f 253//158 256//158 258//158 255//158
f 256//159 257//159 259//159 258//159
f 255//160 258//160 259//160 260//160
f 260//161 259//161 257//161 254//161
o Areas:building.031
v -6164.806641 -5441.929688 0.000000
v -6163.526367 -5458.026855 0.000000
v -6151.225586 -5440.846680 0.000000
v -6164.806641 -5441.929688 20.000000
v -6163.526367 -5458.026855 20.000000
v -6151.225586 -5440.846680 20.000000
v -6149.945312 -5456.956543 20.000000
v -6149.945312 -5456.956543 0.000000
vn -0.9969 -0.0793 -0.0000
vn -0.0795 0.9968 -0.0000
vn -0.0000 -0.0000 1.0000
vn 0.9969 0.0792 -0.0000
vn 0.0786 -0.9969 -0.0000
s 0
f 262//162 265//162 264//162 261//162
f 261//163 264//163 266//163 263//163
f 264//164 265//164 267//164 266//164
f 263//165 266//165 267//165 268//165
f 268//166 267//166 265//166 262//166
o Areas:building.032
v -6036.811523 -5378.856445 0.000000
v -6035.798340 -5389.510742 0.000000
v -6001.634277 -5375.528809 0.000000
v -6036.811523 -5378.856445 20.000000
v -6035.798340 -5389.510742 20.000000
v -6001.634277 -5375.528809 20.000000
v -6000.621582 -5386.183105 20.000000
v -6000.621582 -5386.183105 0.000000
vn -0.9955 -0.0947 -0.0000
vn -0.0942 0.9956 -0.0000
vn -0.0000 -0.0000 1.0000
vn 0.9955 0.0946 -0.0000
vn 0.0942 -0.9956 -0.0000
s 0
f 270//167 273//167 272//167 269//167
f 269//168 272//168 274//168 271//168
f 272//169 273//169 275//169 274//169
f 271//170 274//170 275//170 276//170
f 276//171 275//171 273//171 270//171
o Areas:building.033
v -6068.593262 -5479.012695 0.000000
v -6068.236816 -5485.526367 0.000000
v -6058.040039 -5478.445312 0.000000
v -6068.593262 -5479.012695 20.000000
v -6068.236816 -5485.526367 20.000000
v -6058.040039 -5478.445312 20.000000
v -6057.684082 -5484.958984 20.000000
v -6057.684082 -5484.958984 0.000000
vn -0.9985 -0.0547 -0.0000
vn -0.0537 0.9986 -0.0000
vn -0.0000 -0.0000 1.0000
vn 0.9985 0.0546 -0.0000
vn 0.0537 -0.9986 -0.0000
s 0
f 278//172 281//172 280//172 277//172
f 277//173 280//173 282//173 279//173
f 280//174 281//174 283//174 282//174
f 279//175 282//175 283//175 284//175
f 284//176 283//176 281//176 278//176
o Areas:building.034
v -6100.953613 -5446.650879 0.000000
v -6097.246582 -5492.556152 0.000000
v -6084.177734 -5445.296387 0.000000
v -6100.953613 -5446.650879 20.000000
v -6097.246582 -5492.556152 20.000000
v -6084.177734 -5445.296387 20.000000
v -6080.471191 -5491.201660 20.000000
v -6080.471191 -5491.201660 0.000000
vn -0.9968 -0.0805 -0.0000
vn -0.0805 0.9968 -0.0000
vn -0.0000 -0.0000 1.0000
vn 0.9968 0.0805 -0.0000
vn 0.0805 -0.9968 -0.0000
s 0
f 286//177 289//177 288//177 285//177
f 285//178 288//178 290//178 287//178
f 288//179 289//179 291//179 290//179
f 287//180 290//180 291//180 292//180
f 292//181 291//181 289//181 286//181
o Areas:building.035
v -6065.955078 -5381.307617 0.000000
v -6064.930664 -5412.689453 0.000000
v -6049.757812 -5380.778320 0.000000
v -6065.955078 -5381.307617 20.000000
v -6064.930664 -5412.689453 20.000000
v -6049.757812 -5380.778320 20.000000
v -6049.501953 -5388.865723 20.000000
v -6056.993652 -5389.098145 20.000000
v -6049.501953 -5388.865723 0.000000
v -6056.993652 -5389.098145 0.000000
v -6056.236816 -5412.405273 0.000000
v -6056.236816 -5412.405273 20.000000
vn -0.9995 -0.0326 -0.0000
vn -0.0327 0.9995 -0.0000
vn -0.0000 -0.0000 1.0000
vn 0.9995 0.0316 -0.0000
vn 0.0310 -0.9995 -0.0000
vn 0.9995 0.0325 -0.0000
vn 0.0327 -0.9995 -0.0000
s 0
f 294//182 297//182 296//182 293//182
f 293//183 296//183 298//183 295//183
f 296//184 297//184 304//184 300//184 299//184 298//184
f 295//185 298//185 299//185 301//185
f 301//186 299//186 300//186 302//186
f 302//187 300//187 304//187 303//187
f 303//188 304//188 297//188 294//188
o Areas:building.036
v -964.427551 -5904.367188 0.000000
v -1002.209351 -5970.855469 0.000000
v -877.820984 -5953.585449 0.000000
v -964.427551 -5904.367188 20.000000
v -1002.209351 -5970.855469 20.000000
v -877.820984 -5953.585449 20.000000
v -915.613953 -6020.073730 20.000000
v -915.613953 -6020.073730 0.000000
vn -0.8694 0.4941 -0.0000
vn 0.4941 0.8694 -0.0000
vn -0.0000 -0.0000 1.0000
vn 0.8694 -0.4942 -0.0000
vn -0.4941 -0.8694 -0.0000
s 0
f 306//189 309//189 308//189 305//189
f 305//190 308//190 310//190 307//190
f 308//191 309//191 311//191 310//191
f 307//192 310//192 311//192 312//192
f 312//193 311//193 309//193 306//193
o Areas:building.037
v 501.427521 -4483.582520 0.000000
v 503.420135 -4501.203125 0.000000
v 554.838623 -4477.519531 0.000000
v 501.427521 -4483.582520 20.000000
v 503.420135 -4501.203125 20.000000
v 554.838623 -4477.519531 20.000000
v 556.831238 -4495.140137 20.000000
v 556.831238 -4495.140137 0.000000
vn -0.9937 -0.1124 -0.0000
vn -0.1128 0.9936 -0.0000
vn -0.0000 -0.0000 1.0000
vn 0.9937 0.1124 -0.0000
vn 0.1128 -0.9936 -0.0000
s 0
f 314//194 317//194 316//194 313//194
f 313//195 316//195 318//195 315//195
f 316//196 317//196 319//196 318//196
f 315//197 318//197 319//197 320//197
f 320//198 319//198 317//198 314//198
o Areas:building.038
v -135.731857 -4820.715820 0.000000
v -112.243446 -4862.766602 0.000000
v -114.403038 -4808.810059 0.000000
v -135.731857 -4820.715820 20.000000
v -112.243446 -4862.766602 20.000000
v -114.403038 -4808.810059 20.000000
v -90.914627 -4850.847656 20.000000
v -90.914627 -4850.847656 0.000000
vn -0.8730 -0.4877 -0.0000
vn -0.4874 0.8732 -0.0000
vn -0.0000 -0.0000 1.0000
vn 0.8730 0.4878 -0.0000
vn 0.4878 -0.8729 -0.0000
s 0
f 322//199 325//199 324//199 321//199
f 321//200 324//200 326//200 323//200
f 324//201 325//201 327//201 326//201
f 323//202 326//202 327//202 328//202
f 328//203 327//203 325//203 322//203
o Areas:building.039
v -145.205139 -4863.527344 0.000000
v -184.222626 -4887.764648 0.000000
v -133.349625 -4882.604980 0.000000
v -145.205139 -4863.527344 20.000000
v -184.222626 -4887.764648 20.000000
v -133.349625 -4882.604980 20.000000
v -172.367096 -4906.842285 20.000000
v -172.367096 -4906.842285 0.000000
vn -0.5277 0.8494 -0.0000
vn 0.8494 0.5278 -0.0000
vn -0.0000 -0.0000 1.0000
vn 0.5277 -0.8494 -0.0000
vn -0.8494 -0.5278 -0.0000
s 0
f 330//204 333//204 332//204 329//204
f 329//205 332//205 334//205 331//205
f 332//206 333//206 335//206 334//206
f 331//207 334//207 335//207 336//207
f 336//208 335//208 333//208 330//208
o Areas:building.040
v -195.788727 -5502.333008 0.000000
v -186.115051 -5520.777344 0.000000
v -184.890549 -5496.619141 0.000000
v -195.788727 -5502.333008 20.000000
v -186.115051 -5520.777344 20.000000
v -184.890549 -5496.619141 20.000000
v -175.138962 -5515.218262 20.000000
v -167.068298 -5510.974609 20.000000
v -175.138962 -5515.218262 0.000000
v -167.068298 -5510.974609 0.000000
v -189.821991 -5467.571777 0.000000
v -170.519196 -5457.459473 0.000000
v -189.821991 -5467.571777 20.000000
v -170.519196 -5457.459473 20.000000
v -133.928482 -5527.252441 20.000000
v -153.064301 -5537.287109 20.000000
v -133.928482 -5527.252441 0.000000
v -153.064301 -5537.287109 0.000000
v -161.201752 -5521.757812 0.000000
v -173.914444 -5528.426270 0.000000
v -161.201752 -5521.757812 20.000000
v -173.914444 -5528.426270 20.000000
v -168.259415 -5539.222168 20.000000
v -176.096298 -5543.323730 20.000000
v -168.259415 -5539.222168 0.000000
v -176.096298 -5543.323730 0.000000
v -187.528809 -5521.512695 0.000000
v -187.528809 -5521.512695 20.000000
vn -0.8856 -0.4645 -0.0000
vn -0.4643 0.8857 -0.0000
vn -0.0000 -0.0000 1.0000
vn 0.8857 0.4644 -0.0000
vn -0.4654 0.8851 -0.0000
vn -0.8857 -0.4643 -0.0000
vn -0.4641 0.8858 -0.0000
vn 0.8857 0.4643 -0.0000
vn 0.4644 -0.8856 -0.0000
vn -0.8858 -0.4641 -0.0000
vn 0.4645 -0.8856 -0.0000
vn 0.8858 0.4640 -0.0000
vn 0.4637 -0.8860 -0.0000
vn -0.4615 0.8872 -0.0000
s 0
f 338//209 341//209 340//209 337//209
f 337//210 340//210 342//210 339//210
f 340//211 341//211 364//211 360//211 359//211 358//211 357//211 352//211 351//211 350//211 349//211 344//211 343//211 342//211
f 339//212 342//212 343//212 345//212
f 345//213 343//213 344//213 346//213
f 346//214 344//214 349//214 347//214
f 347//215 349//215 350//215 348//215
f 348//216 350//216 351//216 353//216
f 353//217 351//217 352//217 354//217
f 354//218 352//218 357//218 355//218
f 355//219 357//219 358//219 356//219
f 356//220 358//220 359//220 361//220
f 361//221 359//221 360//221 362//221
f 362//214 360//214 364//214 363//214
f 363//222 364//222 341//222 338//222
o Areas:building.041
v 108.603294 -5796.398438 0.000000
v 115.293594 -5806.987793 0.000000
v 171.676926 -5756.556152 0.000000
v 108.603294 -5796.398438 20.000000
v 115.293594 -5806.987793 20.000000
v 171.676926 -5756.556152 20.000000
v 174.237274 -5760.619141 20.000000
v 179.858902 -5757.072266 20.000000
v 174.237274 -5760.619141 0.000000
v 179.858902 -5757.072266 0.000000
v 195.710800 -5782.171875 0.000000
v 193.451004 -5783.603516 0.000000
v 195.710800 -5782.171875 20.000000
v 193.451004 -5783.603516 20.000000
v 199.183960 -5792.683594 20.000000
v 142.110458 -5828.746582 20.000000
v 199.183960 -5792.683594 0.000000
v 142.110458 -5828.746582 0.000000
v 140.885941 -5826.812012 0.000000
v 124.076706 -5837.426758 0.000000
v 140.885941 -5826.812012 20.000000
v 124.076706 -5837.426758 20.000000
v 120.058067 -5831.068359 20.000000
v 123.330864 -5828.991699 20.000000
v 120.058067 -5831.068359 0.000000
v 123.330864 -5828.991699 0.000000
v 121.694466 -5826.398926 0.000000
v 184.278290 -5786.853516 0.000000
v 121.694466 -5826.398926 20.000000
v 184.278290 -5786.853516 20.000000
v 173.691803 -5770.099121 20.000000
v 173.691803 -5770.099121 0.000000
vn -0.8454 -0.5341 -0.0000
vn -0.5341 0.8455 -0.0000
vn -0.0000 -0.0000 1.0000
vn 0.8460 0.5331 -0.0000
vn -0.5336 0.8457 -0.0000
vn 0.8455 0.5340 -0.0000
vn 0.5352 -0.8447 -0.0000
vn 0.8456 0.5339 -0.0000
vn 0.5342 -0.8454 -0.0000
vn -0.8450 -0.5348 -0.0000
vn 0.5339 -0.8455 -0.0000
vn -0.8453 -0.5343 -0.0000
vn -0.5358 0.8444 -0.0000
vn -0.8457 -0.5337 -0.0000
vn -0.5342 0.8454 -0.0000
vn -0.8454 -0.5342 -0.0000
vn 0.5341 -0.8455 -0.0000
s 0
f 366//223 369//223 368//223 365//223
f 365//224 368//224 370//224 367//224
f 368//225 369//225 395//225 394//225 393//225 388//225 387//225 386//225 385//225 380//225 379//225 378//225 377//225 372//225 371//225 370//225
f 367//226 370//226 371//226 373//226
f 373//227 371//227 372//227 374//227
f 374//228 372//228 377//228 375//228
f 375//229 377//229 378//229 376//229
f 376//230 378//230 379//230 381//230
f 381//231 379//231 380//231 382//231
f 382//232 380//232 385//232 383//232
f 383//233 385//233 386//233 384//233
f 384//234 386//234 387//234 389//234
f 389//235 387//235 388//235 390//235
f 390//236 388//236 393//236 391//236
f 391//237 393//237 394//237 392//237
f 392//238 394//238 395//238 396//238
f 396//239 395//239 369//239 366//239
o Areas:building.042
v 1271.079346 -5288.154297 0.000000
v 1273.238892 -5316.054199 0.000000
v 1278.827148 -5287.561035 0.000000
v 1271.079346 -5288.154297 20.000000
v 1273.238892 -5316.054199 20.000000
v 1278.827148 -5287.561035 20.000000
v 1280.986816 -5315.447754 20.000000
v 1280.986816 -5315.447754 0.000000
vn -0.9970 -0.0772 -0.0000
vn -0.0763 0.9971 -0.0000
vn -0.0000 -0.0000 1.0000
vn 0.9970 0.0772 -0.0000
vn 0.0780 -0.9970 -0.0000
s 0
f 398//240 401//240 400//240 397//240
f 397//241 400//241 402//241 399//241
f 400//242 401//242 403//242 402//242
f 399//243 402//243 403//243 404//243
f 404//244 403//244 401//244 398//244
o Areas:building.043
v -223.395950 -5589.306152 0.000000
v -205.095032 -5623.150879 0.000000
v -211.161942 -5582.688965 0.000000
v -223.395950 -5589.306152 20.000000
v -205.095032 -5623.150879 20.000000
v -211.161942 -5582.688965 20.000000
v -192.861023 -5616.546875 20.000000
v -192.861023 -5616.546875 0.000000
vn -0.8796 -0.4756 -0.0000
vn -0.4758 0.8796 -0.0000
vn -0.0000 -0.0000 1.0000
vn 0.8797 0.4755 -0.0000
vn 0.4750 -0.8800 -0.0000
s 0
f 406//245 409//245 408//245 405//245
f 405//246 408//246 410//246 407//246
f 408//247 409//247 411//247 410//247
f 407//248 410//248 411//248 412//248
f 412//249 411//249 409//249 406//249
o Areas:building.044
v 1187.066528 -5259.184082 0.000000
v 1189.771606 -5294.087891 0.000000
v 1202.662354 -5257.971680 0.000000
v 1187.066528 -5259.184082 20.000000
v 1189.771606 -5294.087891 20.000000
v 1202.662354 -5257.971680 20.000000
v 1205.367432 -5292.888184 20.000000
v 1205.367432 -5292.888184 0.000000
vn -0.9970 -0.0773 -0.0000
vn -0.0775 0.9970 -0.0000
vn -0.0000 -0.0000 1.0000
vn 0.9970 0.0772 -0.0000
vn 0.0767 -0.9971 -0.0000
s 0
f 414//250 417//250 416//250 413//250
f 413//251 416//251 418//251 415//251
f 416//252 417//252 419//252 418//252
f 415//253 418//253 419//253 420//253
f 420//254 419//254 417//254 414//254
o Areas:building.045
v 1254.615234 -5285.716797 0.000000
v 1256.696899 -5312.558594 0.000000
v 1262.596802 -5285.097656 0.000000
v 1254.615234 -5285.716797 20.000000
v 1256.696899 -5312.558594 20.000000
v 1262.596802 -5285.097656 20.000000
v 1264.678467 -5311.939453 20.000000
v 1264.678467 -5311.939453 0.000000
vn -0.9970 -0.0773 -0.0000
vn -0.0773 0.9970 -0.0000
vn -0.0000 -0.0000 1.0000
vn 0.9970 0.0773 -0.0000
vn 0.0773 -0.9970 -0.0000
s 0
f 422//255 425//255 424//255 421//255
f 421//256 424//256 426//256 423//256
f 424//257 425//257 427//257 426//257
f 423//258 426//258 427//258 428//258
f 428//259 427//259 425//259 422//259
o Areas:building.046
v 1646.370728 -5053.282715 0.000000
v 1723.782349 -5052.212402 0.000000
v 1646.203735 -5041.402832 0.000000
v 1646.370728 -5053.282715 20.000000
v 1723.782349 -5052.212402 20.000000
v 1646.203735 -5041.402832 20.000000
v 1723.615356 -5040.319336 20.000000
v 1723.615356 -5040.319336 0.000000
vn 0.0138 -0.9999 -0.0000
vn -0.9999 -0.0141 -0.0000
vn -0.0000 -0.0000 1.0000
vn -0.0140 0.9999 -0.0000
vn 0.9999 0.0140 -0.0000
s 0
f 430//260 433//260 432//260 429//260
f 429//261 432//261 434//261 431//261
f 432//262 433//262 435//262 434//262
f 431//263 434//263 435//263 436//263
f 436//264 435//264 433//264 430//264
o Areas:building.047
v -233.459229 -5548.689453 0.000000
v -264.283600 -5565.715332 0.000000
v -229.551926 -5555.744629 0.000000
v -233.459229 -5548.689453 20.000000
v -264.283600 -5565.715332 20.000000
v -229.551926 -5555.744629 20.000000
v -260.387421 -5572.770508 20.000000
v -260.387421 -5572.770508 0.000000
vn -0.4835 0.8753 -0.0000
vn 0.8748 0.4845 -0.0000
vn -0.0000 -0.0000 1.0000
vn 0.4834 -0.8754 -0.0000
vn -0.8754 -0.4834 -0.0000
s 0
f 438//265 441//265 440//265 437//265
f 437//266 440//266 442//266 439//266
f 440//267 441//267 443//267 442//267
f 439//268 442//268 443//268 444//268
f 444//269 443//269 441//269 438//269
o Areas:building.048
v 1714.943604 -5065.794434 0.000000
v 1718.817505 -5139.317383 0.000000
v 1724.561523 -5065.291504 0.000000
v 1714.943604 -5065.794434 20.000000
v 1718.817505 -5139.317383 20.000000
v 1724.561523 -5065.291504 20.000000
v 1728.446655 -5138.814453 20.000000
v 1728.446655 -5138.814453 0.000000
vn -0.9986 -0.0526 -0.0000
vn -0.0522 0.9986 -0.0000
vn -0.0000 -0.0000 1.0000
vn 0.9986 0.0528 -0.0000
vn 0.0522 -0.9986 -0.0000
s 0
f 446//270 449//270 448//270 445//270
f 445//271 448//271 450//271 447//271
f 448//272 449//272 451//272 450//272
f 447//273 450//273 451//273 452//273
f 452//274 451//274 449//274 446//274
o Areas:building.049
v -454.250305 -5624.582520 0.000000
v -459.003662 -5650.030762 0.000000
v -442.795532 -5626.723633 0.000000
v -454.250305 -5624.582520 20.000000
v -459.003662 -5650.030762 20.000000
v -442.795532 -5626.723633 20.000000
v -447.537750 -5652.171875 20.000000
v -447.537750 -5652.171875 0.000000
vn -0.9830 0.1836 -0.0000
vn 0.1837 0.9830 -0.0000
vn -0.0000 -0.0000 1.0000
vn 0.9831 -0.1832 -0.0000
vn -0.1836 -0.9830 -0.0000
s 0
f 454//275 457//275 456//275 453//275
f 453//276 456//276 458//276 455//276
f 456//277 457//277 459//277 458//277
f 455//278 458//278 459//278 460//278
f 460//279 459//279 457//279 454//279
o Areas:building.050
v -274.858948 -5572.615723 0.000000
v -303.968994 -5587.925781 0.000000
v -271.641815 -5578.729492 0.000000
v -274.858948 -5572.615723 20.000000
v -303.968994 -5587.925781 20.000000
v -271.641815 -5578.729492 20.000000
v -300.751862 -5594.039551 20.000000
v -300.751862 -5594.039551 0.000000
vn -0.4655 0.8851 -0.0000
vn 0.8850 0.4657 -0.0000
vn -0.0000 -0.0000 1.0000
vn 0.4655 -0.8851 -0.0000
vn -0.8850 -0.4657 -0.0000
s 0
f 462//280 465//280 464//280 461//280
f 461//281 464//281 466//281 463//281
f 464//282 465//282 467//282 466//282
f 463//283 466//283 467//283 468//283
f 468//284 467//284 465//284 462//284
o Areas:building.051
v -446.279846 -5573.699219 0.000000
v -452.747498 -5616.172852 0.000000
v -434.056946 -5575.556641 0.000000
v -446.279846 -5573.699219 20.000000
v -452.747498 -5616.172852 20.000000
v -434.056946 -5575.556641 20.000000
v -440.524628 -5618.042969 20.000000
v -440.524628 -5618.042969 0.000000
vn -0.9886 0.1505 -0.0000
vn 0.1502 0.9886 -0.0000
vn -0.0000 -0.0000 1.0000
vn 0.9886 -0.1505 -0.0000
vn -0.1512 -0.9885 -0.0000
s 0
f 470//285 473//285 472//285 469//285
f 469//286 472//286 474//286 471//286
f 472//287 473//287 475//287 474//287
f 471//288 474//288 475//288 476//288
f 476//289 475//289 473//289 470//289
o Areas:building.052
v 1016.235657 -5460.090820 0.000000
v 941.395508 -5503.235840 0.000000
v 1022.937073 -5471.725098 0.000000
v 1016.235657 -5460.090820 20.000000
v 941.395508 -5503.235840 20.000000
v 1022.937073 -5471.725098 20.000000
v 948.096985 -5514.870117 20.000000
v 948.096985 -5514.870117 0.000000
vn -0.4994 0.8663 -0.0000
vn 0.8665 0.4991 -0.0000
vn -0.0000 -0.0000 1.0000
vn 0.4994 -0.8663 -0.0000
vn -0.8665 -0.4991 -0.0000
s 0
f 478//290 481//290 480//290 477//290
f 477//291 480//291 482//291 479//291
f 480//292 481//292 483//292 482//292
f 479//293 482//293 483//293 484//293
f 484//294 483//294 481//294 478//294
o Areas:building.053
v 53.878635 -5777.825195 0.000000
v 57.808212 -5784.918945 0.000000
v 75.073868 -5766.087891 0.000000
v 53.878635 -5777.825195 20.000000
v 57.808212 -5784.918945 20.000000
v 75.073868 -5766.087891 20.000000
v 79.003441 -5773.168945 20.000000
v 79.003441 -5773.168945 0.000000
vn -0.8748 -0.4846 -0.0000
vn -0.4844 0.8748 -0.0000
vn -0.0000 -0.0000 1.0000
vn 0.8744 0.4852 -0.0000
vn 0.4849 -0.8746 -0.0000
s 0
f 486//295 489//295 488//295 485//295
f 485//296 488//296 490//296 487//296
f 488//297 489//297 491//297 490//297
f 487//298 490//298 491//298 492//298
f 492//299 491//299 489//299 486//299
o Areas:building.054
v -207.031982 -5482.791992 0.000000
v -201.310165 -5493.690918 0.000000
v -195.655136 -5476.833008 0.000000
v -207.031982 -5482.791992 20.000000
v -201.310165 -5493.690918 20.000000
v -195.655136 -5476.833008 20.000000
v -189.933319 -5487.719238 20.000000
v -189.933319 -5487.719238 0.000000
vn -0.8854 -0.4648 -0.0000
vn -0.4640 0.8858 -0.0000
vn -0.0000 -0.0000 1.0000
vn 0.8852 0.4653 -0.0000
vn 0.4648 -0.8854 -0.0000
s 0
f 494//300 497//300 496//300 493//300
f 493//301 496//301 498//301 495//301
f 496//302 497//302 499//302 498//302
f 495//303 498//303 499//303 500//303
f 500//304 499//304 497//304 494//304
o Areas:building.055
v 1275.042358 -5489.873047 0.000000
v 1275.899536 -5500.939941 0.000000
v 1297.818237 -5488.105957 0.000000
v 1275.042358 -5489.873047 20.000000
v 1275.899536 -5500.939941 20.000000
v 1297.818237 -5488.105957 20.000000
v 1298.675415 -5499.172852 20.000000
v 1298.675415 -5499.172852 0.000000
vn -0.9970 -0.0772 -0.0000
vn -0.0774 0.9970 -0.0000
vn -0.0000 -0.0000 1.0000
vn 0.9970 0.0772 -0.0000
vn 0.0774 -0.9970 -0.0000
s 0
f 502//305 505//305 504//305 501//305
f 501//306 504//306 506//306 503//306
f 504//307 505//307 507//307 506//307
f 503//308 506//308 507//308 508//308
f 508//309 507//309 505//309 502//309
o Areas:building.056
v 1190.573120 -5352.492188 0.000000
v 1193.600952 -5391.510254 0.000000
v 1206.001953 -5351.305664 0.000000
v 1190.573120 -5352.492188 20.000000
v 1193.600952 -5391.510254 20.000000
v 1206.001953 -5351.305664 20.000000
v 1209.018677 -5390.310547 20.000000
v 1209.018677 -5390.310547 0.000000
vn -0.9970 -0.0774 -0.0000
vn -0.0767 0.9971 -0.0000
vn -0.0000 -0.0000 1.0000
vn 0.9970 0.0771 -0.0000
